event: frame
data: {"g":[3,-1,-24,1],"ch":[32768,32768,32768,32768,32768,32768,20,65403,32768,32768,32768,32768,32768,32768,65036,0,0,65036,0,0,32768,32768,32768,32768,32768,32768,32768,32768,32768,500,758,762,32],"n":8620,"fps":25}

event: frame
data: {"g":[3,-1,-24,1],"ch":[32768,32768,32768,32768,32768,32768,20,65403,32768,32768,32768,32768,32768,32768,65036,0,0,65036,0,0,32768,32768,32768,32768,32768,32768,32768,32768,32768,500,758,762,32],"n":8622,"fps":26}

event: frame
data: {"g":[3,-1,-24,1],"ch":[32768,32768,32768,32768,32768,32768,20,65403,32768,32768,32768,32768,32768,32768,65036,0,0,65036,0,0,32768,32768,32768,32768,32768,32768,32768,32768,32768,500,758,762,32],"n":8624,"fps":26}

event: frame
data: {"g":[2,-1,-22,1],"ch":[32768,32768,32768,32768,32768,32768,20,65403,32768,32768,32768,32768,32768,32768,65036,0,0,65036,0,0,32768,32768,32768,32768,32768,32768,32768,32768,32768,500,758,762,32],"n":8626,"fps":25}

event: frame
data: {"g":[2,-1,-24,1],"ch":[32768,32768,32768,32768,32768,32768,20,65403,32768,32768,32768,32768,32768,32768,65036,0,0,65036,0,0,32768,32768,32768,32768,32768,32768,32768,32768,32768,500,758,762,32],"n":8628,"fps":26}

event: frame
data: {"g":[3,-1,-24,1],"ch":[32768,32768,32768,32768,32768,32768,20,65403,32768,32768,32768,32768,32768,32768,65036,0,0,65036,0,0,32768,32768,32768,32768,32768,32768,32768,32768,32768,500,758,762,32],"n":8630,"fps":26}

event: frame
data: {"g":[3,-1,-24,1],"ch":[32768,32768,32768,32768,32768,32768,20,65403,32768,32768,32768,32768,32768,32768,65036,0,0,65036,0,0,32768,32768,32768,32768,32768,32768,32768,32768,32768,500,758,762,32],"n":8632,"fps":25}

event: frame
data: {"g":[3,-1,-22,1],"ch":[32768,32768,32768,32768,32768,32768,20,65403,32768,32768,32768,32768,32768,32768,65036,0,0,65036,0,0,32768,32768,32768,32768,32768,32768,32768,32768,32768,500,758,762,32],"n":8634,"fps":25}

event: frame
data: {"g":[3,-1,-22,1],"ch":[32768,32768,32768,32768,32768,32768,20,65403,32768,32768,32768,32768,32768,32768,65036,0,0,65036,0,0,32768,32768,32768,32768,32768,32768,32768,32768,32768,500,758,762,32],"n":8636,"fps":26}

event: frame
data: {"g":[2,-1,-22,1],"ch":[32768,32768,32768,32768,32768,32768,20,65403,32768,32768,32768,32768,32768,32768,65036,0,0,65036,0,0,32768,32768,32768,32768,32768,32768,32768,32768,32768,500,758,762,32],"n":8638,"fps":25}

event: frame
data: {"g":[3,-1,-22,1],"ch":[32768,32768,32768,32768,32768,32768,20,65403,32768,32768,32768,32768,32768,32768,65036,0,0,65036,0,0,32768,32768,32768,32768,32768,32768,32768,32768,32768,500,758,762,32],"n":8640,"fps":26}

event: frame
data: {"g":[3,-1,-22,1],"ch":[32768,32768,32768,32768,32768,32768,20,65403,32768,32768,32768,32768,32768,32768,65036,0,0,65036,0,0,32768,32768,32768,32768,32768,32768,32768,32768,32768,500,758,762,32],"n":8642,"fps":26}

event: frame
data: {"g":[2,-1,-24,1],"ch":[32768,32768,32768,32768,32768,32768,20,65403,32768,32768,32768,32768,32768,32768,65036,0,0,65036,0,0,32768,32768,32768,32768,32768,32768,32768,32768,32768,500,758,762,32],"n":8644,"fps":26}

event: frame
data: {"g":[3,-1,-24,1],"ch":[32768,32768,32768,32768,32768,32768,20,65403,32768,32768,32768,32768,32768,32768,65036,0,0,65036,0,0,32768,32768,32768,32768,32768,32768,32768,32768,32768,500,758,762,32],"n":8646,"fps":25}

event: frame
data: {"g":[2,-1,-24,1],"ch":[32768,32768,32768,32768,32768,32768,20,65403,32768,32768,32768,32768,32768,32768,65036,0,0,65036,0,0,32768,32768,32768,32768,32768,32768,32768,32768,32768,500,758,762,32],"n":8648,"fps":26}

event: frame
data: {"g":[3,-1,-22,1],"ch":[32768,32768,32768,32768,32768,32768,20,65403,32768,32768,32768,32768,32768,32768,65036,0,0,65036,0,0,32768,32768,32768,32768,32768,32768,32768,32768,32768,500,758,762,32],"n":8650,"fps":26}

event: frame
data: {"g":[3,-1,-24,1],"ch":[32768,32768,32768,32768,32768,32768,20,65403,32768,32768,32768,32768,32768,32768,65036,0,0,65036,0,0,32768,32768,32768,32768,32768,32768,32768,32768,32768,500,758,762,32],"n":8652,"fps":25}

event: frame
data: {"g":[3,-1,-22,1],"ch":[32768,32768,32768,32768,32768,32768,20,65403,32768,32768,32768,32768,32768,32768,65036,0,0,65036,0,0,32768,32768,32768,32768,32768,32768,32768,32768,32768,500,758,762,32],"n":8654,"fps":26}

event: frame
data: {"g":[3,-1,-24,1],"ch":[32768,32768,32768,32768,32768,32768,20,65403,32768,32768,32768,32768,32768,32768,65036,0,0,65036,0,0,32768,32768,32768,32768,32768,32768,32768,32768,32768,500,758,762,32],"n":8656,"fps":25}

event: frame
data: {"g":[3,-1,-24,1],"ch":[32768,32768,32768,32768,32768,32768,20,65403,32768,32768,32768,32768,32768,32768,65036,0,0,65036,0,0,32768,32768,32768,32768,32768,32768,32768,32768,32768,500,758,762,32],"n":8658,"fps":25}

event: frame
data: {"g":[3,-1,-24,1],"ch":[32768,32768,32768,32768,32768,32768,20,65403,32768,32768,32768,32768,32768,32768,65036,0,0,65036,0,0,32768,32768,32768,32768,32768,32768,32768,32768,32768,500,758,762,32],"n":8660,"fps":26}

event: frame
data: {"g":[3,-1,-24,1],"ch":[32768,32768,32768,32768,32768,32768,20,65403,32768,32768,32768,32768,32768,32768,65036,0,0,65036,0,0,32768,32768,32768,32768,32768,32768,32768,32768,32768,500,758,762,32],"n":8662,"fps":25}

event: frame
data: {"g":[2,-1,-22,1],"ch":[32768,32768,32768,32768,32768,32768,20,65403,32768,32768,32768,32768,32768,32768,65036,0,0,65036,0,0,32768,32768,32768,32768,32768,32768,32768,32768,32768,500,758,762,32],"n":8664,"fps":26}

event: frame
data: {"g":[3,-1,-24,1],"ch":[32768,32768,32768,32768,32768,32768,20,65403,32768,32768,32768,32768,32768,32768,65036,0,0,65036,0,0,32768,32768,32768,32768,32768,32768,32768,32768,32768,500,758,762,32],"n":8666,"fps":26}

event: frame
data: {"g":[3,-1,-24,1],"ch":[32768,32768,32768,32768,32768,32768,20,65403,32768,32768,32768,32768,32768,32768,65036,0,0,65036,0,0,32768,32768,32768,32768,32768,32768,32768,32768,32768,500,758,762,32],"n":8668,"fps":26}

event: frame
data: {"g":[3,-1,-24,1],"ch":[32768,32768,32768,32768,32768,32768,20,65403,32768,32768,32768,32768,32768,32768,65036,0,0,65036,0,0,32768,32768,32768,32768,32768,32768,32768,32768,32768,500,758,762,32],"n":8670,"fps":25}

event: frame
data: {"g":[3,-1,-24,1],"ch":[32768,32768,32768,32768,32768,32768,20,65403,32768,32768,32768,32768,32768,32768,65036,0,0,65036,0,0,32768,32768,32768,32768,32768,32768,32768,32768,32768,500,758,762,32],"n":8672,"fps":25}

event: frame
data: {"g":[3,-1,-22,1],"ch":[32768,32768,32768,32768,32768,32768,20,65403,32768,32768,32768,32768,32768,32768,65036,0,0,65036,0,0,32768,32768,32768,32768,32768,32768,32768,32768,32768,500,758,762,32],"n":8674,"fps":25}

event: frame
data: {"g":[2,-1,-24,1],"ch":[32768,32768,32768,32768,32768,32768,20,65403,32768,32768,32768,32768,32768,32768,65036,0,0,65036,0,0,32768,32768,32768,32768,32768,32768,32768,32768,32768,500,758,762,32],"n":8676,"fps":26}

event: frame
data: {"g":[2,-1,-22,1],"ch":[32768,32768,32768,32768,32768,32768,20,65403,32768,32768,32768,32768,32768,32768,65036,0,0,65036,0,0,32768,32768,32768,32768,32768,32768,32768,32768,32768,500,758,762,32],"n":8678,"fps":26}

event: frame
data: {"g":[3,-2,-24,1],"ch":[32768,32768,32768,32768,32768,32768,20,65403,32768,32768,32768,32768,32768,32768,65036,0,0,65036,0,0,32768,32768,32768,32768,32768,32768,32768,32768,32768,500,758,762,32],"n":8680,"fps":25}

event: frame
data: {"g":[3,-2,-24,1],"ch":[32768,32768,32768,32768,32768,32768,20,65403,32768,32768,32768,32768,32768,32768,65036,0,0,65036,0,0,32768,32768,32768,32768,32768,32768,32768,32768,32768,500,758,762,32],"n":8682,"fps":26}

event: frame
data: {"g":[3,-1,-22,1],"ch":[32768,32768,32768,32768,32768,32768,20,65403,32768,32768,32768,32768,32768,32768,65036,0,0,65036,0,0,32768,32768,32768,32768,32768,32768,32768,32768,32768,500,758,762,32],"n":8684,"fps":26}

event: frame
data: {"g":[3,-1,-24,1],"ch":[32768,32768,32768,32768,32768,32768,20,65403,32768,32768,32768,32768,32768,32768,65036,0,0,65036,0,0,32768,32768,32768,32768,32768,32768,32768,32768,32768,500,758,762,32],"n":8686,"fps":26}

event: frame
data: {"g":[3,-1,-24,1],"ch":[32768,32768,32768,32768,32768,32768,20,65403,32768,32768,32768,32768,32768,32768,65036,0,0,65036,0,0,32768,32768,32768,32768,32768,32768,32768,32768,32768,500,758,762,32],"n":8688,"fps":25}

event: frame
data: {"g":[3,-1,-22,1],"ch":[32768,32768,32768,32768,32768,32768,20,65403,32768,32768,32768,32768,32768,32768,65036,0,0,65036,0,0,32768,32768,32768,32768,32768,32768,32768,32768,32768,500,758,762,32],"n":8690,"fps":26}

event: frame
data: {"g":[3,-1,-24,1],"ch":[32768,32768,32768,32768,32768,32768,21,65404,32768,32768,32768,32768,32768,32768,65036,0,0,65036,0,0,32768,32768,32768,32768,32768,32768,32768,32768,32768,500,758,762,32],"n":8692,"fps":25}

event: frame
data: {"g":[3,-1,-24,1],"ch":[32768,32768,32768,32768,32768,32768,20,65403,32768,32768,32768,32768,32768,32768,65036,0,0,65036,0,0,32768,32768,32768,32768,32768,32768,32768,32768,32768,500,758,762,32],"n":8694,"fps":25}

event: frame
data: {"g":[2,-1,-24,1],"ch":[32768,32768,32768,32768,32768,32768,20,65403,32768,32768,32768,32768,32768,32768,65036,0,0,65036,0,0,32768,32768,32768,32768,32768,32768,32768,32768,32768,500,758,762,32],"n":8696,"fps":24}

event: frame
data: {"g":[2,-2,-22,1],"ch":[32768,32768,32768,32768,32768,32768,20,65403,32768,32768,32768,32768,32768,32768,65036,0,0,65036,0,0,32768,32768,32768,32768,32768,32768,32768,32768,32768,500,758,762,32],"n":8698,"fps":25}

event: frame
data: {"g":[3,-1,-22,1],"ch":[32768,32768,32768,32768,32768,32768,20,65403,32768,32768,32768,32768,32768,32768,65036,0,0,65036,0,0,32768,32768,32768,32768,32768,32768,32768,32768,32768,500,758,762,32],"n":8700,"fps":24}

event: frame
data: {"g":[3,-1,-24,1],"ch":[32768,32768,32768,32768,32768,32768,20,65403,32768,32768,32768,32768,32768,32768,65036,0,0,65036,0,0,32768,32768,32768,32768,32768,32768,32768,32768,32768,500,758,762,32],"n":8702,"fps":24}

event: frame
data: {"g":[3,-1,-24,1],"ch":[32768,32768,32768,32768,32768,32768,20,65403,32768,32768,32768,32768,32768,32768,65036,0,0,65036,0,0,32768,32768,32768,32768,32768,32768,32768,32768,32768,500,758,762,32],"n":8704,"fps":24}

event: frame
data: {"g":[3,-1,-24,1],"ch":[32768,32768,32768,32768,32768,32768,20,65403,32768,32768,32768,32768,32768,32768,65036,0,0,65036,0,0,32768,32768,32768,32768,32768,32768,32768,32768,32768,500,758,762,32],"n":8706,"fps":24}

event: frame
data: {"g":[3,-1,-24,1],"ch":[32768,32768,32768,32768,32768,32768,20,65403,32768,32768,32768,32768,32768,32768,65036,0,0,65036,0,0,32768,32768,32768,32768,32768,32768,32768,32768,32768,500,758,762,32],"n":8708,"fps":24}

event: frame
data: {"g":[3,-1,-24,1],"ch":[32768,32768,32768,32768,32768,32768,20,65403,32768,32768,32768,32768,32768,32768,65036,0,0,65036,0,0,32768,32768,32768,32768,32768,32768,32768,32768,32768,500,758,762,32],"n":8710,"fps":24}

event: frame
data: {"g":[3,-1,-24,1],"ch":[32768,32768,32768,32768,32768,32768,20,65403,32768,32768,32768,32768,32768,32768,65036,0,0,65036,0,0,32768,32768,32768,32768,32768,32768,32768,32768,32768,500,758,762,32],"n":8712,"fps":24}

event: frame
data: {"g":[3,-1,-24,1],"ch":[32768,32768,32768,32768,32768,32768,20,65403,32768,32768,32768,32768,32768,32768,65036,0,0,65036,0,0,32768,32768,32768,32768,32768,32768,32768,32768,32768,500,758,762,32],"n":8714,"fps":24}

event: frame
data: {"g":[3,-1,-24,1],"ch":[32768,32768,32768,32768,32768,32768,20,65403,32768,32768,32768,32768,32768,32768,65036,0,0,65036,0,0,32768,32768,32768,32768,32768,32768,32768,32768,32768,500,758,762,32],"n":8716,"fps":25}

event: frame
data: {"g":[3,-1,-22,1],"ch":[32768,32768,32768,32768,32768,32768,20,65403,32768,32768,32768,32768,32768,32768,65036,0,0,65036,0,0,32768,32768,32768,32768,32768,32768,32768,32768,32768,500,758,762,32],"n":8718,"fps":26}

event: frame
data: {"g":[3,-1,-24,1],"ch":[32768,32768,32768,32768,32768,32768,20,65403,32768,32768,32768,32768,32768,32768,65036,0,0,65036,0,0,32768,32768,32768,32768,32768,32768,32768,32768,32768,500,758,762,32],"n":8720,"fps":25}

event: frame
data: {"g":[3,-1,-22,1],"ch":[32768,32768,32768,32768,32768,32768,20,65403,32768,32768,32768,32768,32768,32768,65036,0,0,65036,0,0,32768,32768,32768,32768,32768,32768,32768,32768,32768,500,758,762,32],"n":8722,"fps":26}

event: frame
data: {"g":[3,-1,-24,1],"ch":[32768,32768,32768,32768,32768,32768,20,65403,32768,32768,32768,32768,32768,32